function c = spikecolor;

c= ...
[255,255,255;
255,255,254;
255,254,252;
255,252,251;
255,251,250;
255,250,249;
255,249,247;
255,248,246;
255,247,245;
255,246,243;
255,245,242;
255,243,241;
255,242,239;
255,241,238;
255,240,237;
255,239,236;
255,238,234;
255,237,233;
255,235,232;
255,234,230;
255,233,229;
255,232,228;
255,231,226;
255,230,225;
255,229,224;
255,228,223;
255,226,221;
255,225,220;
255,224,219;
255,223,217;
255,222,216;
255,221,215;
255,220,213;
255,219,212;
255,217,211;
255,216,210;
255,215,208;
255,214,207;
255,213,206;
255,212,204;
255,211,203;
255,210,202;
255,208,201;
255,207,199;
255,206,198;
255,205,197;
255,204,195;
255,203,194;
255,202,193;
255,201,191;
255,199,190;
255,198,189;
255,197,188;
255,196,186;
255,195,185;
255,194,184;
255,193,182;
255,192,181;
255,190,180;
255,189,178;
255,188,177;
255,187,176;
255,186,175;
255,185,173;
255,184,172;
255,183,172;
255,183,171;
255,182,170;
255,182,170;
255,181,169;
255,181,168;
254,180,168;
254,180,167;
254,180,167;
254,179,166;
254,179,165;
253,178,165;
253,178,164;
253,177,164;
253,177,163;
253,176,162;
252,176,162;
252,175,161;
252,175,160;
252,174,160;
252,174,159;
251,173,159;
251,173,158;
251,172,157;
251,172,157;
251,172,156;
250,171,155;
250,171,155;
250,170,154;
250,170,154;
250,169,153;
250,169,152;
249,168,152;
249,168,151;
249,167,151;
249,167,150;
249,166,149;
248,166,149;
248,165,148;
248,165,147;
248,164,147;
248,164,146;
247,163,146;
247,163,145;
247,163,144;
247,162,144;
247,162,143;
246,161,142;
246,161,142;
246,160,141;
246,160,141;
246,159,140;
245,159,139;
245,158,139;
245,158,138;
245,157,138;
245,157,137;
244,156,136;
244,156,136;
244,155,135;
244,155,134;
244,154,134;
244,154,133;
243,153,132;
243,151,131;
242,150,130;
242,148,129;
242,147,127;
241,145,126;
241,144,125;
240,142,124;
240,141,122;
239,139,121;
239,138,120;
239,136,119;
238,135,117;
238,133,116;
237,132,115;
237,130,114;
237,129,112;
236,127,111;
236,126,110;
235,124,109;
235,122,107;
235,121,106;
234,119,105;
234,118,104;
233,116,102;
233,115,101;
232,113,100;
232,112,99;
232,110,97;
231,109,96;
231,107,95;
230,106,94;
230,104,92;
230,103,91;
229,101,90;
229,100,89;
228,98,87;
228,96,86;
228,95,85;
227,93,84;
227,92,82;
226,90,81;
226,89,80;
225,87,79;
225,86,77;
225,84,76;
224,83,75;
224,81,74;
223,80,72;
223,78,71;
223,77,70;
222,75,69;
222,74,67;
221,72,66;
221,71,65;
221,69,64;
220,67,62;
220,66,61;
219,64,60;
219,63,59;
218,61,57;
218,60,56;
218,58,55;
217,57,54;
216,56,53;
215,55,52;
214,54,51;
212,53,50;
211,52,49;
210,51,49;
209,50,48;
207,50,47;
206,49,46;
205,48,45;
204,47,44;
202,46,43;
201,45,43;
200,44,42;
199,43,41;
197,42,40;
196,42,39;
195,41,38;
194,40,38;
192,39,37;
191,38,36;
190,37,35;
189,36,34;
187,35,33;
186,35,33;
185,34,32;
184,33,31;
182,32,30;
181,31,29;
180,30,28;
179,29,28;
177,28,27;
176,27,26;
175,27,25;
174,26,24;
173,25,23;
171,24,23;
170,23,22;
169,22,21;
168,21,20;
166,20,19;
165,19,18;
164,19,18;
163,18,17;
161,17,16;
160,16,15;
159,15,14;
158,14,13;
156,13,13;
155,12,12;
154,12,11;
153,11,10;
151,10,9;
150,9,8;
149,8,8;
148,7,7;
146,6,6;
145,5,5;
144,4,4;
143,4,3;
141,3,3;
140,2,2;
139,1,1;
138,0,0]./256;