function cmap = wjn_erc_colormap



cmap = [55 110 181
224 74 74
113 189 174
216 179 66
216 214 204
235 235 235
64 64 64]./256;